truca
100
200
00000001200000000000000000000000000000000000000000000010000000200000000000000000000000000000000000000000000120000000000000000000000000000000000000000000001000000020000000000000000000000000000000000000
00000001200000000000000000000000000000000000000000000010000000200000000000000000000000000000000000000000000120000000000000000000000000000000000000000000001000000020000000000000000000000000000000000000
00000001200000000000000000000000000000000000000000000010000000200000000000000000000000000000000000000000000120000000000000000000000000000000000000000000001000000020000000000000000000000000000000000000
00000001200000000000000000000000000000000000000000000010000000200000000000000000000000000000000000000000000120000000000000000000000000000000000000000000001000000020000000000000000000000000000000000000
00000001200000000000000000000000000000000000000000000010000000200000000000000000000000000000000000000000000120000000000000000000000000000000000000000000001000000020000000000000000000000000000000000000
00000001200000000000000000000000000000000000000000000010000000200000000000000000000000000000000000000000000120000000000000000000000000000000000000000000001000000020000000000000000000000000000000000000
00000001200000000000000000000000000000000000000000000010000000200000000000000000000000000000000000000000000120000000000000000000000000000000000000000000001000000020000000000000000000000000000000000000
00000001200000000000000000000000000000000000000000000010000000200000000000000000000000000000000000000000000120000000000000000000000000000000000000000000001000000020000000000000000000000000000000000000
00000001200000000000000000000000000000000000000000000010000000200000000000000000000000000000000000000000000120000000000000000000000000000000000000000000001000000020000000000000000000000000000000000000
00000001200000000000000000000000000000000000000000000010000000200000000000000000000000000000000000000000000120000000000000000000000000000000000000000000001000000020000000000000000000000000000000000000
00000001200000000000000000000000000000000000000000000010000000200000000000000000000000000000000000000000000120000000000000000000000000000000000000000000001000000020000000000000000000000000000000000000
00000001200000000000000000000000000000000000000000000010000000200000000000000000000000000000000000000000000120000000000000000000000000000000000000000000001000000020000000000000000000000000000000000000
00000001200000000000000000000000000000000000000000000010000000200000000000000000000000000000000000000000000120000000000000000000000000000000000000000000001000000020000000000000000000000000000000000000
00000001200000000000000000000000000000000000000000000010000000200000000000000000000000000000000000000000000120000000000000000000000000000000000000000000001000000020000000000000000000000000000000000000
00000001200000000000000000000000000000000000000000000010000000200000000000000000000000000000000000000000000120000000000000000000000000000000000000000000001000000020000000000000000000000000000000000000
00000001200000000000000000000000000000000000000000000010000000200000000000000000000000000000000000000000000120000000000000000000000000000000000000000000001000000020000000000000000000000000000000000000
00000001200000000000000000000000000000000000000000000010000000200000000000000000000000000000000000000000000120000000000000000000000000000000000000000000001000000020000000000000000000000000000000000000
00000001200000000000000000000000000000000000000000000010000000200000000000000000000000000000000000000000000120000000000000000000000000000000000000000000001000000020000000000000000000000000000000000000
00000001200000000000000000000000000000000000000000000010000000200000000000000000000000000000000000000000000120000000000000000000000000000000000000000000001000000020000000000000000000000000000000000000
00000001200000000000000000000000000000000000000000000010000000200000000000000000000000000000000000000000000120000000000000000000000000000000000000000000001000000020000000000000000000000000000000000000
00000001200000000000000000000000000000000000000000000010000000200000000000000000000000000000000000000000000120000000000000000000000000000000000000000000001000000020000000000000000000000000000000000000
00000001200000000000000000000000000000000000000000000010000000200000000000000000000000000000000000000000000120000000000000000000000000000000000000000000001000000020000000000000000000000000000000000000
00000001200000000000000000000000000000000000000000000010000000200000000000000000000000000000000000000000000120000000000000000000000000000000000000000000001000000020000000000000000000000000000000000000
00000001200000000000000000000000000000000000000000000010000000200000000000000000000000000000000000000000000120000000000000000000000000000000000000000000001000000020000000000000000000000000000000000000
00000001200000000000000000000000000000000000000000000010000000200000000000000000000000000000000000000000000120000000000000000000000000000000000000000000001000000020000000000000000000000000000000000000
00000001200000000000000000000000000000000000000000000010000000200000000000000000000000000000000000000000000120000000000000000000000000000000000000000000001000000020000000000000000000000000000000000000
00000001200000000000000000000000000000000000000000000010000000200000000000000000000000000000000000000000000120000000000000000000000000000000000000000000001000000020000000000000000000000000000000000000
00000001200000000000000000000000000000000000000000000010000000200000000000000000000000000000000000000000000120000000000000000000000000000000000000000000001000000020000000000000000000000000000000000000
00000001200000000000000000000000000000000000000000000010000000200000000000000000000000000000000000000000000120000000000000000000000000000000000000000000001000000020000000000000000000000000000000000000
00000001200000000000000000000000000000000000000000000010000000200000000000000000000000000000000000000000000120000000000000000000000000000000000000000000001000000020000000000000000000000000000000000000
00000001200000000000000000000000000000000000000000000010000000200000000000000000000000000000000000000000000120000000000000000000000000000000000000000000001000000020000000000000000000000000000000000000
00000001200000000000000000000000000000000000000000000010000000200000000000000000000000000000000000000000000120000000000000000000000000000000000000000000001000000020000000000000000000000000000000000000
00000001200000000000000000000000000000000000000000000010000000200000000000000000000000000000000000000000000120000000000000000000000000000000000000000000001000000020000000000000000000000000000000000000
00000001200000000000000000000000000000000000000000000010000000200000000000000000000000000000000000000000000120000000000000000000000000000000000000000000001000000020000000000000000000000000000000000000
00000001200000000000000000000000000000000000000000000010000000200000000000000000000000000000000000000000000120000000000000000000000000000000000000000000001000000020000000000000000000000000000000000000
00000001200000000000000000000000000000000000000000000010000000200000000000000000000000000000000000000000000120000000000000000000000000000000000000000000001000000020000000000000000000000000000000000000
00000001200000000000000000000000000000000000000000000010000000200000000000000000000000000000000000000000000120000000000000000000000000000000000000000000001000000020000000000000000000000000000000000000
00000001200000000000000000000000000000000000000000000010000000200000000000000000000000000000000000000000000120000000000000000000000000000000000000000000001000000020000000000000000000000000000000000000
00000001200000000000000000000000000000000000000000000010000000200000000000000000000000000000000000000000000120000000000000000000000000000000000000000000001000000020000000000000000000000000000000000000
00000001200000000000000000000000000000000000000000000010000000200000000000000000000000000000000000000000000120000000000000000000000000000000000000000000001000000020000000000000000000000000000000000000
00000001200000000000000000000000000000000000000000000010000000200000000000000000000000000000000000000000000120000000000000000000000000000000000000000000001000000020000000000000000000000000000000000000
00000001200000000000000000000000000000000000000000000010000000200000000000000000000000000000000000000000000120000000000000000000000000000000000000000000001000000020000000000000000000000000000000000000
00000001200000000000000000000000000000000000000000000010000000200000000000000000000000000000000000000000000120000000000000000000000000000000000000000000001000000020000000000000000000000000000000000000
00000001200000000000000000000000000000000000000000000010000000200000000000000000000000000000000000000000000120000000000000000000000000000000000000000000001000000020000000000000000000000000000000000000
00000001200000000000000000000000000000000000000000000010000000200000000000000000000000000000000000000000000120000000000000000000000000000000000000000000001000000020000000000000000000000000000000000000
00000001200000000000000000000000000000000000000000000010000000200000000000000000000000000000000000000000000120000000000000000000000000000000000000000000001000000020000000000000000000000000000000000000
00000001200000000000000000000000000000000000000000000010000000200000000000000000000000000000000000000000000120000000000000000000000000000000000000000000001000000020000000000000000000000000000000000000
00000001200000000000000000000000000000000000000000000010000000200000000000000000000000000000000000000000000120000000000000000000000000000000000000000000001000000020000000000000000000000000000000000000
00000001200000000000000000000000000000000000000000000010000000200000000000000000000000000000000000000000000120000000000000000000000000000000000000000000001000000020000000000000000000000000000000000000
00000001200000000000000000000000000000000000000000000010000000200000000000000000000000000000000000000000000120000000000000000000000000000000000000000000001000000020000000000000000000000000000000000000
00000001200000000000000000000000000000000000000000000010000000200000000000000000000000000000000000000000000120000000000000000000000000000000000000000000001000000020000000000000000000000000000000000000
00000001200000000000000000000000000000000000000000000010000000200000000000000000000000000000000000000000000120000000000000000000000000000000000000000000001000000020000000000000000000000000000000000000
00000001200000000000000000000000000000000000000000000010000000200000000000000000000000000000000000000000000120000000000000000000000000000000000000000000001000000020000000000000000000000000000000000000
00000001200000000000000000000000000000000000000000000010000000200000000000000000000000000000000000000000000120000000000000000000000000000000000000000000001000000020000000000000000000000000000000000000
00000001200000000000000000000000000000000000000000000010000000200000000000000000000000000000000000000000000120000000000000000000000000000000000000000000001000000020000000000000000000000000000000000000
00000001200000000000000000000000000000000000000000000010000000200000000000000000000000000000000000000000000120000000000000000000000000000000000000000000001000000020000000000000000000000000000000000000
00000001200000000000000000000000000000000000000000000010000000200000000000000000000000000000000000000000000120000000000000000000000000000000000000000000001000000020000000000000000000000000000000000000
00000001200000000000000000000000000000000000000000000010000000200000000000000000000000000000000000000000000120000000000000000000000000000000000000000000001000000020000000000000000000000000000000000000
00000001200000000000000000000000000000000000000000000010000000200000000000000000000000000000000000000000000120000000000000000000000000000000000000000000001000000020000000000000000000000000000000000000
00000001200000000000000000000000000000000000000000000010000000200000000000000000000000000000000000000000000120000000000000000000000000000000000000000000001000000020000000000000000000000000000000000000
00000001200000000000000000000000000000000000000000000010000000200000000000000000000000000000000000000000000120000000000000000000000000000000000000000000001000000020000000000000000000000000000000000000
00000001200000000000000000000000000000000000000000000010000000200000000000000000000000000000000000000000000120000000000000000000000000000000000000000000001000000020000000000000000000000000000000000000
00000001200000000000000000000000000000000000000000000010000000200000000000000000000000000000000000000000000120000000000000000000000000000000000000000000001000000020000000000000000000000000000000000000
00000001200000000000000000000000000000000000000000000010000000200000000000000000000000000000000000000000000120000000000000000000000000000000000000000000001000000020000000000000000000000000000000000000
00000001200000000000000000000000000000000000000000000010000000200000000000000000000000000000000000000000000120000000000000000000000000000000000000000000001000000020000000000000000000000000000000000000
00000001200000000000000000000000000000000000000000000010000000200000000000000000000000000000000000000000000120000000000000000000000000000000000000000000001000000020000000000000000000000000000000000000
00000001200000000000000000000000000000000000000000000010000000200000000000000000000000000000000000000000000120000000000000000000000000000000000000000000001000000020000000000000000000000000000000000000
00000001200000000000000000000000000000000000000000000010000000200000000000000000000000000000000000000000000120000000000000000000000000000000000000000000001000000020000000000000000000000000000000000000
00000001200000000000000000000000000000000000000000000010000000200000000000000000000000000000000000000000000120000000000000000000000000000000000000000000001000000020000000000000000000000000000000000000
00000001200000000000000000000000000000000000000000000010000000200000000000000000000000000000000000000000000120000000000000000000000000000000000000000000001000000020000000000000000000000000000000000000
00000001200000000000000000000000000000000000000000000010000000200000000000000000000000000000000000000000000120000000000000000000000000000000000000000000001000000020000000000000000000000000000000000000
00000001200000000000000000000000000000000000000000000010000000200000000000000000000000000000000000000000000120000000000000000000000000000000000000000000001000000020000000000000000000000000000000000000
00000001200000000000000000000000000000000000000000000010000000200000000000000000000000000000000000000000000120000000000000000000000000000000000000000000001000000020000000000000000000000000000000000000
00000001200000000000000000000000000000000000000000000010000000200000000000000000000000000000000000000000000120000000000000000000000000000000000000000000001000000020000000000000000000000000000000000000
00000001200000000000000000000000000000000000000000000010000000200000000000000000000000000000000000000000000120000000000000000000000000000000000000000000001000000020000000000000000000000000000000000000
00000001200000000000000000000000000000000000000000000010000000200000000000000000000000000000000000000000000120000000000000000000000000000000000000000000001000000020000000000000000000000000000000000000
00000001200000000000000000000000000000000000000000000010000000200000000000000000000000000000000000000000000120000000000000000000000000000000000000000000001000000020000000000000000000000000000000000000
00000001200000000000000000000000000000000000000000000010000000200000000000000000000000000000000000000000000120000000000000000000000000000000000000000000001000000020000000000000000000000000000000000000
00000001200000000000000000000000000000000000000000000010000000200000000000000000000000000000000000000000000120000000000000000000000000000000000000000000001000000020000000000000000000000000000000000000
00000001200000000000000000000000000000000000000000000010000000200000000000000000000000000000000000000000000120000000000000000000000000000000000000000000001000000020000000000000000000000000000000000000
00000001200000000000000000000000000000000000000000000010000000200000000000000000000000000000000000000000000120000000000000000000000000000000000000000000001000000020000000000000000000000000000000000000
00000001200000000000000000000000000000000000000000000010000000200000000000000000000000000000000000000000000120000000000000000000000000000000000000000000001000000020000000000000000000000000000000000000
00000001200000000000000000000000000000000000000000000010000000200000000000000000000000000000000000000000000120000000000000000000000000000000000000000000001000000020000000000000000000000000000000000000
00000001200000000000000000000000000000000000000000000010000000200000000000000000000000000000000000000000000120000000000000000000000000000000000000000000001000000020000000000000000000000000000000000000
00000001200000000000000000000000000000000000000000000010000000200000000000000000000000000000000000000000000120000000000000000000000000000000000000000000001000000020000000000000000000000000000000000000
00000001200000000000000000000000000000000000000000000010000000200000000000000000000000000000000000000000000120000000000000000000000000000000000000000000001000000020000000000000000000000000000000000000
00000001200000000000000000000000000000000000000000000010000000200000000000000000000000000000000000000000000120000000000000000000000000000000000000000000001000000020000000000000000000000000000000000000
00000001200000000000000000000000000000000000000000000010000000200000000000000000000000000000000000000000000120000000000000000000000000000000000000000000001000000020000000000000000000000000000000000000
00000001200000000000000000000000000000000000000000000010000000200000000000000000000000000000000000000000000120000000000000000000000000000000000000000000001000000020000000000000000000000000000000000000
00000001200000000000000000000000000000000000000000000010000000200000000000000000000000000000000000000000000120000000000000000000000000000000000000000000001000000020000000000000000000000000000000000000
00000001200000000000000000000000000000000000000000000010000000200000000000000000000000000000000000000000000120000000000000000000000000000000000000000000001000000020000000000000000000000000000000000000
00000001200000000000000000000000000000000000000000000010000000200000000000000000000000000000000000000000000120000000000000000000000000000000000000000000001000000020000000000000000000000000000000000000
00000001200000000000000000000000000000000000000000000010000000200000000000000000000000000000000000000000000120000000000000000000000000000000000000000000001000000020000000000000000000000000000000000000
00000001200000000000000000000000000000000000000000000010000000200000000000000000000000000000000000000000000120000000000000000000000000000000000000000000001000000020000000000000000000000000000000000000
00000001200000000000000000000000000000000000000000000010000000200000000000000000000000000000000000000000000120000000000000000000000000000000000000000000001000000020000000000000000000000000000000000000
00000001200000000000000000000000000000000000000000000010000000200000000000000000000000000000000000000000000120000000000000000000000000000000000000000000001000000020000000000000000000000000000000000000
00000001200000000000000000000000000000000000000000000010000000200000000000000000000000000000000000000000000120000000000000000000000000000000000000000000001000000020000000000000000000000000000000000000
00000001200000000000000000000000000000000000000000000010000000200000000000000000000000000000000000000000000120000000000000000000000000000000000000000000001000000020000000000000000000000000000000000000
00000001200000000000000000000000000000000000000000000010000000200000000000000000000000000000000000000000000120000000000000000000000000000000000000000000001000000020000000000000000000000000000000000000
00000001200000000000000000000000000000000000000000000010000000200000000000000000000000000000000000000000000120000000000000000000000000000000000000000000001000000020000000000000000000000000000000000000
