truc
10
100
0000000120000000000000000000000000000000000000000000001000000020000000000000000000000000000000000000
0010000100000000000000000000000000000000000000000000001000000020000000000000000000000000002300000000
0000000000000000000000000000000000000000000000000000001000000020000000000000000000000000000000000000
0000000000000000000000000000000000000000000000000000001000000020000000000000000000000000000000000000
0000000004000000000000000000000000000000000000000000001000000020000000000000000000000000000000400000
0000000000000000000000000000000000000000000000000000001000000020000000000000000000000000000000000000
0000000000000000000000000000000000000000000000000000001000000020000000000000000000000000000000000000
0000000000000000000000000000000000000000000000000000001000000020000000000000000000000000000000000000
0000000000000000000000000000000000000000000000000000001000000020000000000000000000000000000000000000
2000000000000000000000000000000000000000000000000000001000000020000000000000000000000000000000000005
